00000000000000000000000000000000000000000000000000000000000000000000000000000000
00000000000001000000000000000000000000000000000000000000000000000000000000000000
00000000000001111000000000000000000000000000000000000000000000000000000000000000
00000000000000111100000001000000000000000000000000000000000000000000000000000000
00011000000000100100000010100000000000000000000000000000000000000000000000000000
00011000000000111100001100010000000000000000000000000000000000000000000000000000
00000000000001111000001100010000000000000000000000000000000000000000000000000110
00000000000001000000001100010000000000000000000000000000000000000000000000000110
00000000000000000000000010100000000000000000000000000000000000000000000000000000
00000000000000000000000001000000000000000000000000000000000000000000000000000000
00000000000000101000000000000000000000000000000000000000000000000000000000000000
00000000000000110000000000000000000000000000000000000000000000000000000000000000
00000000000000010000000000000000000000000000000000000000000000000000000000000000
00000000000000000000000000000000000000000000000000000000000000000000000000000000
00000000000000000000000000000000000000000000000000000000000000000000000000000000
00000000100000000000000000000000000000000000000000000000000000000000000000000000
00000011000000000000000000000000000000000000000000000000000000000000000000000000
00000001100000000000000000000000000000000000000000000000000000000000000000000000
00000000000000000000000000000000000000000000000000000000000000000000000000000000
00000000000000000000000000000000000000000000000000000000000000000000000000000000
00011000000000000000000000000000000000000000000000000000000000000000000000000000
00001000000000000000000000000000000000000000000000000000000000000000000000000000
01110000000000000000000000000000000000000000000000000000000000000000000000000000
01000000000000000000000000000000000000000000000000000000000000000000000000000000
00000000000000000000000000000000000000000000000000000000000000000000000000000000