00000000000000011100000000000000000000000000000000000000000000000000000000000000
00000000000000010000000000000000000000000000000000000000000000000000000000000000
00000000000000001001100000000000000000000000000000000000000000000000000000000000
00000000000000000001100000000000000000000000000000000000000000000000000000000000
00000000000000011000000000000000000000000000000000000000000000000000000000000000
00000000000000001100000000000000000000000000000000000000000000000000000000000000
00000000000000010010000000000000000000000000000000000000000000000000000000000000
00000000000000000000000000000000000000000000000000000000000000000000000000000000
00000000000000000100100000000000000000000000000000000000000000000000000000000000
00000000000000000100010000000000000000000000000000000000000000000000000000000000
00000000000000000011101000000000000000000000000000000000000000000000000000000000
00000000000000000000000100000000000000000000000000000000000000000000000000000000
00011001010000000000000100000000000000000000000000000000000000000000000000000000
00010101100000000000001000011000000000000000000000000000000000000000000000000000
00010000100110000000000001100100000000000000000000000000000000000000000000000000
00000000010001000000110010000000000000000000000000000000000000000000000000000000
00000110000001000000100000000000000000000000000000000000000000000000000000000000
00000110000101000011000100010000000000000000000000000000000000000000000000000000
00000000000010000010001100000000000000000000000000000000000000000000000000000000
00000000000001001000100000101000000000000000000000000000000000000000000000000000
00000000000000110001000000001100000000000000000000000000000000000000000000000000
00000000000000000001000010000000000000000000000000000000000000000000000000000000
00000000000000000010001000000000000000000000000000000000000000000000000000000000
00000000000000000010000011000000000000000000000000000000000000000000000000000000
00000000000000000001000001000000000000000000000000000000000000000000000000000000